SM	AB	AC	BASEQUAL_ALT_mean	DP	FILTER	FISHER_STRAND	INDEL_LEN	MI	MI_n	NVARS	OVER_PLOIDY	PcrDup	RC	RCL	READPOS_ALT_mean	REP_COORDS	REP_COUNT	STRAND	dHAP	error	n_PLOIDY	ndHAP	pb	variant_id	variant_type
sample	0.168	1	37.0	6		1.5	0	nan	0	1	False	0.0	5	5	25.0	chr21:[25563647,25563648)/.	2	.	0.0	0.011	1	0.0	0.06421140134953444	chr21:25563647-25563648:T>A	SNV
sample	0.202	1	41.0	5		1.0	0	nan	0	1	False	0.0	4	7	26.0	chr21:[25574216,25574217)/.	3	.	0.0	0.011	1	0.0	0.053803236956051	chr21:25574216-25574217:G>A	SNV
sample	0.202	1	40.0	5		1.0	0	nan	0	1	False	0.0	4	7	22.0	chr21:[25574219,25574220)/.	2	.	0.0	0.011	1	0.0	0.053803236956051	chr21:25574219-25574220:A>G	RNA_EDITING?
sample	0.168	1	19.0	6		0.6666666666666666	0	nan	0	1	False	0.0	5	7	21.0	chr21:[25574227,25574228)/.	3	.	0.0	0.011	1	0.0	0.06421140134953444	chr21:25574227-25574228:T>G	SNV
sample	0.168	1	40.833333333333336	6		1.5	-1	nan	0	1	False	0.0	5	11	31.0	chr21:[25574702,25574710)/.	6	.	0.0	0.08499999999999999	1	0.0	0.41315073579423434	chr21:25574702-25574704:CA>C	DELETION
sample	0.126	1	41.0	8		0.25	0	nan	0	1	False	0.0	7	11	14.0	chr21:[25574741,25574742)/.	2	.	0.0	0.011	1	0.0	0.08468552009940797	chr21:25574741-25574742:T>C	RNA_EDITING?
sample	1.0	2	37.583333333333336	2		0.3333333333333333	3	nan	0	1	False	0.0	0	12	31.0	chr21:[25574825,25574827)/.	0	.	0.0	0.011	1	0.0	0.00012099999999999999	chr21:25574825-25574826:T>TAAA	INSERTION
sample	1.0	5	39.0	5		2.5	0	nan	0	1	False	0.0	0	17	29.6	chr21:[25592892,25592893)/.	1	.	0.0	0.011	1	0.0	1.6105099999999996e-10	chr21:25592892-25592893:T>C	RNA_EDITING?
sample	0.168	1	41.0	6		5.0	0	nan	0	1	False	0.0	5	25	17.0	chr21:[25606591,25606592)/.	2	.	0.0	0.011	1	0.0	0.06421140134953444	chr21:25606591-25606592:T>C	RNA_EDITING?
sample	1.0	5	39.0	5		0.4	0	nan	0	1	False	0.0	0	25	14.2	chr21:[25606637,25606638)/.	0	.	0.0	0.011	1	0.0	1.6105099999999996e-10	chr21:25606637-25606638:A>G	RNA_EDITING?
sample	0.202	1	35.0	5		0.4	0	nan	0	1	False	0.0	4	27	18.0	chr21:[25725290,25725291)/.	5	.	0.0	0.011	1	0.0	0.053803236956051	chr21:25725290-25725291:A>G	RNA_EDITING?
sample	0.168	1	41.0	6		0.8	0	nan	0	1	False	0.0	5	27	45.0	chr21:[25725301,25725302)/.	2	.	0.0	0.011	1	0.0	0.06421140134953444	chr21:25725301-25725302:C>T	SNV
sample	0.101	1	27.0	10		0.6	0	nan	0	1	False	0.0	9	28	29.0	chr21:[25729649,25729650)/.	2	.	0.0	0.011	1	0.0	0.10471168560515304	chr21:25729649-25729650:C>G	SNV
sample	0.168	1	41.0	6		1.5	0	nan	0	1	False	0.0	5	31	45.0	chr21:[25772225,25772226)/.	5	.	0.0	0.011	1	0.0	0.06421140134953444	chr21:25772225-25772226:A>G	RNA_EDITING?
sample	0.168	1	41.0	6		1.5	0	nan	0	1	False	0.0	5	31	39.0	chr21:[25772231,25772232)/.	4	.	0.0	0.011	1	0.0	0.06421140134953444	chr21:25772231-25772232:A>G	RNA_EDITING?
sample	0.202	1	8.0	5		4.0	0	nan	0	1	False	0.0	4	42	42.0	chr21:[29060625,29060626)/.	1	.	0.0	0.011	1	0.0	0.053803236956051	chr21:29060625-29060626:G>A	SNV
sample	0.168	1	40.0	6		5.0	0	nan	0	1	False	0.0	5	42	33.0	chr21:[29060649,29060650)/.	3	.	0.0	0.011	1	0.0	0.06421140134953444	chr21:29060649-29060650:G>T	SNV
sample	0.252	1	39.0	4		0.3333333333333333	0	nan	0	1	False	0.0	3	43	41.0	chr21:[29061272,29061273)/.	1	.	0.0	0.011	1	0.0	0.043279309359	chr21:29061272-29061273:T>A	SNV
sample	0.112	1	41.0	9		0.21428571428571427	0	nan	0	1	False	0.0	8	46	28.0	chr21:[29061534,29061535)/.	1	.	0.0	0.011	1	0.0	0.09475397937831448	chr21:29061534-29061535:T>C	RNA_EDITING?
sample	0.112	1	40.0	9		0.21428571428571427	0	nan	0	1	False	0.0	8	46	41.0	chr21:[29061547,29061548)/.	2	.	0.0	0.011	1	0.0	0.09475397937831448	chr21:29061547-29061548:C>T	SNV
sample	0.126	1	41.0	8		2.5	0	nan	0	1	False	0.0	7	49	45.0	chr21:[29062548,29062549)/.	1	.	0.0	0.011	1	0.0	0.08468552009940797	chr21:29062548-29062549:A>G	RNA_EDITING?
sample	0.168	1	41.0	6		1.25	0	nan	0	1	False	0.0	5	55	35.0	chr21:[29066737,29066738)/.	2	.	0.0	0.011	1	0.0	0.06421140134953444	chr21:29066737-29066738:T>C	RNA_EDITING?
sample	0.202	1	38.0	5		10.0	0	nan	0	1	False	0.0	4	55	45.0	chr21:[29066763,29066764)/.	1	.	0.0	0.011	1	0.0	0.053803236956051	chr21:29066763-29066764:A>T	SNV
sample	0.168	1	32.0	6		0.2	0	nan	0	1	False	0.0	5	58	21.0	chr21:[29069444,29069445)/.	2	.	0.0	0.011	1	0.0	0.06421140134953444	chr21:29069444-29069445:G>C	SNV
sample	0.202	1	35.666666666666664	5		1.0	-1	nan	0	1	False	0.0	4	6	15.0	chr21:[32601834,32601839)/.	3	.	0.0	0.011	1	0.0	0.053803236956051	chr21:32601834-32601836:CT>C	DELETION
sample	0.202	1	36.0	5		1.0	0	nan	0	1	False	0.0	4	6	31.0	chr21:[32601867,32601868)/.	2	.	0.0	0.011	1	0.0	0.053803236956051	chr21:32601867-32601868:T>C	RNA_EDITING?
sample	0.168	1	34.0	6		0.375	0	nan	0	1	False	0.0	5	12	14.0	chr21:[32758547,32758548)/.	6	.	0.0	0.011	1	0.0	0.06421140134953444	chr21:32758547-32758548:A>G	RNA_EDITING?
sample	0.168	1	8.0	6		0.6666666666666666	0	nan	0	1	False	0.0	5	0	20.0	chr21:[33576933,33576934)/.	1	.	0.0	0.011	1	0.0	0.06421140134953444	chr21:33576933-33576934:A>C	SNV
sample	0.101	1	18.0	10		1.6666666666666667	0	nan	0	1	False	0.0	9	4	38.0	chr21:[33903557,33903558)/.	2	.	0.0	0.011	1	0.0	0.10471168560515304	chr21:33903557-33903558:T>C	RNA_EDITING?
sample	0.101	1	8.0	10		1.6666666666666667	0	nan	0	1	False	0.0	9	4	33.0	chr21:[33903562,33903563)/.	2	.	0.0	0.011	1	0.0	0.10471168560515304	chr21:33903562-33903563:A>C	SNV
sample	0.252	1	41.0	4		0.75	0	nan	0	1	False	0.0	3	10	27.0	chr21:[33909090,33909091)/.	2	.	0.0	0.011	1	0.0	0.043279309359	chr21:33909090-33909091:T>C	RNA_EDITING?
sample	0.168	1	36.0	6		0.6666666666666666	0	nan	0	1	False	0.0	5	14	17.0	chr21:[34142942,34142943)/.	1	.	0.0	0.011	1	0.0	0.06421140134953444	chr21:34142942-34142943:G>A	SNV
sample	0.202	1	9.0	5		0.25	0	nan	0	1	False	0.0	4	10	47.0	chr21:[37202855,37202856)/.	2	.	0.0	0.011	1	0.0	0.053803236956051	chr21:37202855-37202856:A>T	SNV
sample	0.202	1	26.0	5		0.5	0	nan	0	1	False	0.0	4	16	38.0	chr21:[39342558,39342559)/.	1	.	0.0	0.011	1	0.0	0.053803236956051	chr21:39342558-39342559:T>A	SNV
sample	0.202	1	20.0	5		0.5	0	nan	0	1	False	0.0	4	16	21.0	chr21:[39342575,39342576)/.	3	.	0.0	0.011	1	0.0	0.053803236956051	chr21:39342575-39342576:T>G	SNV
sample	0.202	1	39.0	5		1.0	0	nan	0	1	False	0.0	4	17	38.0	chr21:[39345229,39345230)/.	1	.	0.0	0.011	1	0.0	0.053803236956051	chr21:39345229-39345230:T>C	RNA_EDITING?
sample	0.202	1	25.0	5		0.5	0	nan	0	1	False	0.0	4	21	17.0	chr21:[39390812,39390813)/.	2	.	0.0	0.011	1	0.0	0.053803236956051	chr21:39390812-39390813:C>T	SNV
sample	1.0	5	40.0	5		0.75	0	nan	0	1	False	0.0	0	24	28.4	chr21:[39397363,39397364)/.	2	.	0.0	0.011	1	0.0	1.6105099999999996e-10	chr21:39397363-39397364:A>G	RNA_EDITING?
sample	0.202	1	36.0	5		2.0	0	nan	0	1	False	0.0	4	24	20.0	chr21:[39397412,39397413)/.	4	.	0.0	0.011	1	0.0	0.053803236956051	chr21:39397412-39397413:A>G	RNA_EDITING?
sample	0.334	2	40.5	6		0.6666666666666666	0	nan	0	1	False	0.0	4	0	22.5	chr21:[42911606,42911607)/.	2	.	0.0	0.011	1	0.0	0.001762414988633805	chr21:42911606-42911607:A>G	RNA_EDITING?
sample	0.334	2	40.5	6		0.6666666666666666	0	nan	0	1	False	0.0	4	0	31.0	chr21:[42911607,42911608)/.	2	.	0.0	0.011	1	0.0	0.001762414988633805	chr21:42911607-42911608:A>G	RNA_EDITING?
sample	0.501	3	41.0	6		0.375	0	nan	0	1	False	0.0	3	0	28.333333333333332	chr21:[42911613,42911614)/.	5	.	0.0	0.011	1	0.0	2.5966935120389995e-05	chr21:42911613-42911614:C>G	SNV
sample	0.101	1	35.0	10		2.4	0	nan	0	1	False	0.0	9	2	29.0	chr21:[43774068,43774069)/.	1	.	0.0	0.011	1	0.0	0.10471168560515304	chr21:43774068-43774069:G>A	SNV
sample	0.126	1	41.0	8		0.25	0	nan	0	1	False	0.0	7	4	37.0	chr21:[43774231,43774232)/.	3	.	0.0	0.011	1	0.0	0.08468552009940797	chr21:43774231-43774232:T>C	RNA_EDITING?
sample	0.168	1	38.0	6		0.2	0	nan	0	1	False	0.0	5	6	27.0	chr21:[43774668,43774669)/.	2	.	0.0	0.011	1	0.0	0.06421140134953444	chr21:43774668-43774669:A>G	RNA_EDITING?
sample	0.168	1	40.0	6		0.2	0	nan	0	1	False	0.0	5	7	43.0	chr21:[43804003,43804004)/.	2	.	0.0	0.011	1	0.0	0.06421140134953444	chr21:43804003-43804004:A>G	RNA_EDITING?
sample	0.144	1	35.0	7		2.0	0	nan	0	1	False	0.0	6	7	40.0	chr21:[43804033,43804034)/.	2	.	0.0	0.011	1	0.0	0.07450507593468957	chr21:43804033-43804034:T>A	SNV
sample	0.202	1	5.0	5		0.4	0	nan	0	1	False	0.0	4	21	32.0	chr21:[46297548,46297549)/.	2	.	0.0	0.011	1	0.0	0.053803236956051	chr21:46297548-46297549:A>C	SNV
